Accuracy: 0.9931818181818182
              precision    recall  f1-score   support

           0       1.00      1.00      1.00        23
           1       1.00      1.00      1.00        21
           2       1.00      1.00      1.00        20
           3       1.00      1.00      1.00        26
           4       1.00      1.00      1.00        27
           5       1.00      1.00      1.00        17
           6       1.00      1.00      1.00        17
           7       1.00      1.00      1.00        14
           8       0.92      1.00      0.96        23
           9       1.00      1.00      1.00        20
          10       0.92      1.00      0.96        11
          11       1.00      1.00      1.00        21
          12       1.00      1.00      1.00        19
          13       1.00      0.96      0.98        24
          14       1.00      1.00      1.00        19
          15       1.00      1.00      1.00        17
          16       1.00      1.00      1.00        14
          17       1.00      1.00      1.00        23
          18       1.00      1.00      1.00        23
          19       1.00      1.00      1.00        23
          20       1.00      0.89      0.94        19
          21       1.00      1.00      1.00        19

    accuracy                           0.99       440
   macro avg       0.99      0.99      0.99       440
weighted avg       0.99      0.99      0.99       440
